 1 0.0099009900990099
1 10 0.099009900990099
2 8 0.0792079207920792
3 11 0.108910891089109
4 3 0.0297029702970297
5 2 0.0198019801980198
7 3 0.0297029702970297
8 5 0.0495049504950495
9 1 0.0099009900990099
10 2 0.0198019801980198
11 2 0.0198019801980198
12 2 0.0198019801980198
14 1 0.0099009900990099
17 1 0.0099009900990099
18 1 0.0099009900990099
19 1 0.0099009900990099
20 1 0.0099009900990099
21 1 0.0099009900990099
22 2 0.0198019801980198
23 1 0.0099009900990099
25 2 0.0198019801980198
26 1 0.0099009900990099
28 1 0.0099009900990099
30 1 0.0099009900990099
31 1 0.0099009900990099
34 1 0.0099009900990099
36 1 0.0099009900990099
37 1 0.0099009900990099
42 1 0.0099009900990099
45 1 0.0099009900990099
47 2 0.0198019801980198
57 1 0.0099009900990099
59 1 0.0099009900990099
66 1 0.0099009900990099
67 1 0.0099009900990099
72 1 0.0099009900990099
77 1 0.0099009900990099
81 1 0.0099009900990099
82 1 0.0099009900990099
85 1 0.0099009900990099
87 1 0.0099009900990099
100 2 0.0198019801980198
102 2 0.0198019801980198
107 1 0.0099009900990099
110 1 0.0099009900990099
111 1 0.0099009900990099
127 1 0.0099009900990099
135 1 0.0099009900990099
148 1 0.0099009900990099
149 1 0.0099009900990099
158 2 0.0198019801980198
166 1 0.0099009900990099
185 2 0.0198019801980198
193 1 0.0099009900990099
229 1 0.0099009900990099
249 1 0.0099009900990099
